[gd_scene load_steps=4 format=2]

[ext_resource path="res://cube.tscn" type="PackedScene" id=1]
[ext_resource path="res://models/figure.tscn" type="PackedScene" id=2]

[sub_resource type="CubeMesh" id=1]

[node name="scene" type="Spatial"]

[node name="cube" parent="." instance=ExtResource( 1 )]
transform = Transform( 6.58794, 0, 0, 0, 0.129664, 0, 0, 0, 5.13582, 0, 0, 0 )

[node name="MeshInstance" type="MeshInstance" parent="."]
transform = Transform( 1, 0, 0, 0, 1, 0, 0, 0, 1, 4.17524, 1.7841, -17.2681 )
mesh = SubResource( 1 )
material/0 = null

[node name="MeshInstance2" type="MeshInstance" parent="."]
transform = Transform( 1, 0, 0, 0, 1, 0, 0, 0, 1, -19.9987, 1.7841, -3.7083 )
mesh = SubResource( 1 )
material/0 = null

[node name="MeshInstance3" type="MeshInstance" parent="."]
transform = Transform( 1, 0, 0, 0, 1, 0, 0, 0, 1, -2.59476, 1.7841, 17.8077 )
mesh = SubResource( 1 )
material/0 = null

[node name="MeshInstance4" type="MeshInstance" parent="."]
transform = Transform( 1, 0, 0, 0, 1, 0, 0, 0, 1, 17.1106, 1.7841, 1.70041 )
mesh = SubResource( 1 )
material/0 = null

[node name="figure_animated" parent="." instance=ExtResource( 2 )]
transform = Transform( -4.37114e-08, 0, 1, 0, 1, 0, -1, 0, -4.37114e-08, -0.761113, 0.129677, 0.224786 )

[node name="torso2" parent="figure_animated/Armature" index="0"]
transform = Transform( 0.999062, 0, -0.0432992, 0, 1, 0, 0.0432992, 0, 0.999062, -1.30345e-17, 0.907153, 0.013151 )

[node name="body2" parent="figure_animated/Armature/torso2" index="0"]
transform = Transform( 0.998444, -0.00115489, -0.0557597, 6.95231e-05, 0.999811, -0.0194632, 0.0557716, 0.019429, 0.998254, 0, 0.7, 0 )

[node name="head2" parent="figure_animated/Armature/torso2/body2" index="0"]
transform = Transform( 0.986209, 0.000124449, 0.165506, 0.001693, 0.99994, -0.01084, -0.165498, 0.0109707, 0.986149, 0, 1.2, 0 )

[node name="L arm" parent="figure_animated/Armature/torso2/body2" index="1"]
transform = Transform( -0.0563945, 0.418107, -0.906646, 0.838039, -0.473772, -0.270611, -0.542687, -0.775066, -0.323672, 0.5354, 0.879493, -0.00203179 )

[node name="L hand" parent="figure_animated/Armature/torso2/body2/L arm" index="0"]
transform = Transform( 0.900171, -0.434251, 0.033441, 0.427375, 0.8659, -0.25994, 0.0839225, 0.248282, 0.965046, -5.0001e-08, 0.832368, -5.8579e-09 )

[node name="R arm" parent="figure_animated/Armature/torso2/body2" index="2"]
transform = Transform( -0.063532, -0.418296, 0.906086, 0.876083, -0.4582, -0.1501, 0.477955, 0.784271, 0.395573, -0.5354, 0.879492, -0.00203188 )

[node name="R hand" parent="figure_animated/Armature/torso2/body2/R arm" index="0"]
transform = Transform( 0.900171, 0.434251, -0.033441, -0.427375, 0.8659, -0.25994, -0.0839225, 0.248282, 0.965046, 3.22819e-07, 0.832368, 3.46826e-08 )

[node name="L leg" parent="figure_animated/Armature/torso2" index="1"]
transform = Transform( -1.54972e-06, -5.03659e-06, -1, -0.748733, -0.662872, 4.52995e-06, -0.662872, 0.748733, -2.6226e-06, 0.422003, 0.272196, -0.012315 )

[node name="R leg" parent="figure_animated/Armature/torso2" index="2"]
transform = Transform( 4.23193e-06, 1.27256e-05, 1, -0.713544, -0.700611, 1.18613e-05, 0.700611, -0.713544, 6.25849e-06, -0.422002, 0.273727, -0.0119161 )

[node name="DirectionalLight" type="DirectionalLight" parent="."]
transform = Transform( -0.303781, 0.81085, -0.50024, -0.514041, 0.302583, 0.802624, 0.802172, 0.500966, 0.324891, 0, 2.62973, 6.04243 )
shadow_enabled = true
directional_shadow_blend_splits = true
directional_shadow_depth_range = 1

[editable path="figure_animated"]
